Preço,Máximo,Mínimo,Abertura,Volume,Fechamento,Venda,Compra,Variação,Variação,Data
49.460,49.800,48.060,48.300,25203200.000,48.540,49.400,49.460,0.920,1.90,10/05/2019 
48.540,49.010,48.050,49.000,12405800.000,49.000,48.540,48.550,-0.460,-0.94,09/05/2019 
49.000,50.140,48.940,49.820,18403300.000,49.700,48.980,49.000,-0.700,-1.41,08/05/2019 
49.700,49.700,48.720,49.350,15141700.000,49.660,49.700,49.710,0.040,0.08,07/05/2019 
49.660,49.750,49.090,49.600,10409800.000,50.400,49.620,49.660,-0.740,-1.47,06/05/2019 
50.400,50.630,49.390,49.450,10549900.000,48.940,50.400,50.450,1.460,2.98,03/05/2019 
48.940,49.280,48.720,49.280,15811100.000,50.100,48.930,48.950,-1.160,-2.32,02/05/2019 
50.100,50.690,49.760,50.220,11344400.000,50.250,50.080,50.120,-0.150,-0.30,30/04/2019 
50.250,51.060,50.120,50.940,8680700.000,50.420,50.250,50.280,-0.170,-0.34,29/04/2019 
50.420,50.650,49.520,50.480,10585700.000,50.330,50.420,50.440,0.090,0.18,26/04/2019 
50.330,50.430,49.380,50.230,15873600.000,50.360,50.330,50.330,-0.030,-0.06,25/04/2019 
50.360,51.740,50.160,51.550,19928600.000,51.920,50.340,50.370,-1.560,-3.00,24/04/2019 
51.920,51.920,51.280,51.590,9860400.000,51.300,51.900,51.930,0.620,1.21,23/04/2019 
51.300,52.000,50.800,51.950,16263400.000,52.580,51.300,51.360,-1.280,-2.43,22/04/2019 
52.580,52.970,52.010,52.200,10673600.000,52.250,52.570,52.590,0.330,0.63,18/04/2019 
52.250,53.800,51.700,53.160,26436500.000,53.100,52.240,52.250,-0.850,-1.60,17/04/2019 
53.100,53.160,50.840,51.270,18751500.000,51.330,53.060,53.100,1.770,3.45,16/04/2019 
51.330,51.720,50.780,51.590,15683600.000,51.480,51.330,51.350,-0.150,-0.29,15/04/2019 
51.480,52.720,51.310,52.090,16832400.000,51.790,51.480,51.500,-0.310,-0.60,12/04/2019 
51.790,51.860,50.930,51.500,10241500.000,51.760,51.750,51.800,0.030,0.06,11/04/2019 
51.760,52.740,51.520,52.740,15576500.000,52.350,51.750,51.780,-0.590,-1.13,10/04/2019 
52.350,53.300,52.300,53.180,14233700.000,53.390,52.340,52.350,-1.040,-1.95,09/04/2019 
53.390,53.390,52.360,52.500,14322100.000,51.980,53.340,53.390,1.410,2.71,08/04/2019 
51.960,52.360,51.700,52.200,7441500.000,52.160,51.960,51.970,-0.200,-0.38,05/04/2019 
52.160,52.460,51.620,52.000,14111500.000,51.780,52.160,52.190,0.380,0.73,04/04/2019 
51.780,52.830,51.610,52.780,21410800.000,51.630,51.780,51.790,0.150,0.29,03/04/2019 
51.630,53.300,51.630,53.050,21398800.000,52.600,51.630,51.670,-0.970,-1.84,02/04/2019 
52.600,53.050,52.100,52.350,25321400.000,50.930,52.590,52.600,1.670,3.28,01/04/2019 
50.930,51.600,49.950,49.950,25030700.000,49.300,50.930,50.940,1.630,3.31,29/03/2019 
49.300,50.600,48.620,50.510,28395600.000,49.600,49.300,49.340,-0.300,-0.60,28/03/2019 
49.600,50.740,49.310,50.050,20408300.000,50.280,49.590,49.600,-0.680,-1.35,27/03/2019 
50.280,50.700,49.800,49.810,13356400.000,49.550,50.280,50.300,0.730,1.47,26/03/2019 
49.550,50.310,49.160,49.600,15855400.000,50.050,49.550,49.590,-0.500,-1.00,25/03/2019 
50.050,51.330,49.700,50.470,25556400.000,50.890,50.010,50.050,-0.840,-1.65,22/03/2019 
50.890,51.470,50.510,50.530,19604300.000,50.560,50.880,50.900,0.330,0.65,21/03/2019 
50.560,51.680,50.400,51.450,25480400.000,51.900,50.560,50.570,-1.340,-2.58,20/03/2019 
51.900,52.390,50.590,50.700,31950900.000,50.460,51.900,51.910,1.440,2.85,19/03/2019 
50.460,50.670,49.830,50.250,22972200.000,50.550,50.450,50.460,-0.090,-0.18,18/03/2019 
50.550,51.240,50.400,50.800,25945300.000,50.710,50.540,50.560,-0.160,-0.32,15/03/2019 
50.710,50.930,50.200,50.800,17224500.000,50.700,50.700,50.710,0.010,0.02,14/03/2019 
50.700,51.000,49.700,49.940,21947600.000,49.970,50.690,50.700,0.730,1.46,13/03/2019 
49.970,50.330,49.550,49.800,15546900.000,49.880,49.960,49.970,0.090,0.18,12/03/2019 
49.880,49.950,48.610,48.900,20082700.000,48.850,49.880,49.890,1.030,2.11,11/03/2019 
48.850,48.890,47.650,48.260,25446000.000,48.860,48.810,48.850,-0.010,-0.02,08/03/2019 
48.860,48.960,47.720,47.830,21112500.000,48.050,48.860,48.890,0.810,1.69,07/03/2019 
48.050,48.050,47.190,47.430,15244200.000,46.740,48.050,48.060,1.310,2.80,06/03/2019 
46.740,47.500,44.550,47.290,29872100.000,47.100,46.720,46.740,-0.360,-0.76,01/03/2019 
47.100,47.100,46.100,46.420,17877800.000,46.830,47.050,47.100,0.270,0.58,28/02/2019 
46.830,47.250,46.340,47.250,15004800.000,47.200,46.750,46.840,-0.370,-0.78,27/02/2019 
47.200,47.290,46.600,46.790,10362900.000,47.120,47.120,47.200,0.080,0.17,26/02/2019 
47.120,47.750,46.400,47.350,16801500.000,46.990,47.100,47.130,0.130,0.28,25/02/2019 
46.990,47.060,45.570,45.700,17580700.000,45.380,46.980,47.000,1.610,3.55,22/02/2019 
45.380,46.090,45.130,45.840,21401300.000,45.800,45.380,45.390,-0.420,-0.92,21/02/2019 
45.800,46.080,44.940,45.900,25493000.000,45.490,45.800,45.810,0.310,0.68,20/02/2019 
45.490,45.940,45.230,45.500,20523500.000,45.250,45.460,45.490,0.240,0.53,19/02/2019 
45.250,46.150,44.900,45.790,18777400.000,45.880,45.220,45.250,-0.630,-1.37,18/02/2019 
45.880,46.020,45.190,45.400,27877700.000,45.660,45.870,45.880,0.220,0.48,15/02/2019 
45.660,45.940,45.050,45.390,24055400.000,45.490,45.650,45.660,0.170,0.37,14/02/2019 
45.490,45.990,44.300,44.310,38153200.000,44.300,45.450,45.490,1.190,2.69,13/02/2019 
44.300,44.330,42.050,42.500,36399000.000,42.020,44.300,44.310,2.280,5.43,12/02/2019 
42.020,44.050,41.890,43.860,30697300.000,43.160,42.020,42.110,-1.140,-2.64,11/02/2019 
43.160,43.590,40.510,40.640,48169600.000,41.590,43.160,43.170,1.570,3.77,08/02/2019 
41.590,42.790,41.210,42.150,31403200.000,42.460,41.510,41.600,-0.870,-2.05,07/02/2019 
42.460,44.400,42.460,44.000,29257400.000,44.640,42.460,42.500,-2.180,-4.88,06/02/2019 
44.640,45.210,43.810,44.450,21992300.000,44.680,44.640,44.650,-0.040,-0.09,05/02/2019 
44.680,46.100,44.050,46.000,35888900.000,46.250,44.680,44.690,-1.570,-3.39,04/02/2019 
46.250,46.330,45.580,45.720,21286700.000,45.500,46.250,46.250,0.750,1.65,01/02/2019 
45.500,47.440,45.500,46.990,39814600.000,46.600,45.500,45.550,-1.100,-2.36,31/01/2019 
46.600,46.800,44.980,46.250,67892500.000,42.740,46.580,46.600,3.860,9.03,30/01/2019 
42.740,44.690,42.600,43.270,68335900.000,42.380,42.740,42.850,0.360,0.85,29/01/2019 
42.380,48.000,42.360,45.000,183534500.000,56.150,42.380,42.400,-13.770,-24.52,28/01/2019 
56.150,56.200,55.500,55.800,14118200.000,55.650,56.140,56.150,0.500,0.90,24/01/2019 
55.650,55.900,55.330,55.460,13470400.000,55.080,55.630,55.650,0.570,1.03,23/01/2019 
54.790,54.930,54.350,54.480,15138000.000,55.280,54.790,54.800,-0.490,-0.89,22/01/2019 
55.280,55.350,54.390,54.850,10676600.000,54.760,55.250,55.280,0.520,0.95,21/01/2019 
54.760,55.600,54.250,54.950,25815900.000,54.230,54.760,54.800,0.530,0.98,18/01/2019 
54.230,54.710,52.270,54.650,25525500.000,52.650,54.230,54.240,1.580,3.00,17/01/2019 
52.650,52.820,52.200,52.400,15375100.000,52.350,52.650,52.680,0.300,0.57,16/01/2019 
52.350,53.200,51.870,52.850,14480300.000,52.600,52.250,52.370,-0.250,-0.48,15/01/2019 
52.600,52.700,51.430,51.980,14626300.000,52.380,52.590,52.600,0.220,0.42,14/01/2019 
52.380,53.460,52.380,53.260,12360400.000,53.100,52.380,52.490,-0.720,-1.36,11/01/2019 
53.100,53.290,52.270,53.230,18113600.000,53.690,53.090,53.100,-0.590,-1.10,10/01/2019 
53.690,54.060,52.830,53.160,27695500.000,52.410,53.670,53.690,1.280,2.44,09/01/2019 
52.410,52.800,51.620,52.200,19925600.000,51.910,52.400,52.430,0.500,0.96,08/01/2019 
51.910,53.650,51.720,52.870,20955800.000,52.190,51.900,51.930,-0.280,-0.54,07/01/2019 
52.190,52.450,49.820,49.820,43360100.000,49.000,52.150,52.190,3.190,6.51,04/01/2019 
49.000,50.940,48.400,48.480,30120000.000,51.090,49.000,49.020,-2.090,-4.09,03/01/2019 
51.090,51.370,49.790,50.010,17319600.000,51.000,51.050,51.090,0.090,0.18,02/01/2019 
